{
 "templeR0032": [
  [
   1.0,
   0.0,
   0.0,
   0.0
  ],
  [
   0.0,
   1.0,
   0.0,
   0.0
  ],
  [
   0.0,
   0.0,
   1.0,
   0.0
  ]
 ],
 "templeR0047": [
  [
   0.9999209260556872,
   -0.003938923868438277,
   -0.011942634328131215,
   0.2327893659496674
  ],
  [
   0.0033627388936085245,
   0.9988470485897046,
   -0.047888051858156803,
   0.9711977691884892
  ],
  [
   0.012117492441516975,
   0.04784410520006359,
   0.998781311386299,
   0.05083310165683251
  ]
 ],
 "templeR0033": [
  [
   0.9998212889781806,
   0.002185368911176945,
   0.0187780262203366,
   -0.36531896469626873
  ],
  [
   -0.0031364322555360864,
   0.9987055245876427,
   0.050768473985612586,
   -1.0576129364976476
  ],
  [
   -0.018642770682385713,
   -0.05081829710688317,
   0.9985338991643902,
   0.014099431248832645
  ]
 ],
 "templeR0034": [
  [
   0.9998698552244147,
   0.014390629168167409,
   0.007292626800551174,
   -0.13199813824154766
  ],
  [
   -0.015240038686657392,
   0.9908214505418449,
   0.13431527972268642,
   -2.7974355173311296
  ],
  [
   -0.005292809682674588,
   -0.134408939205317,
   0.9909118140517673,
   0.07124042313592058
  ]
 ],
 "templeR0035": [
  [
   0.9993139578091963,
   0.02421295900331286,
   0.028024031544794967,
   -0.5424349427336913
  ],
  [
   -0.029644364386928888,
   0.9765210161550972,
   0.21337271772068547,
   -4.451623168706991
  ],
  [
   -0.02219967089428929,
   -0.21405708963666734,
   0.9765688593173883,
   0.46201586156759944
  ]
 ],
 "templeR0036": [
  [
   0.9984625706146425,
   0.04345333910574705,
   0.03441369497977545,
   -0.6655548537491461
  ],
  [
   -0.052157709953536587,
   0.9466778508075346,
   0.31793178526663535,
   -6.6053408870321615
  ],
  [
   -0.018763485124113216,
   -0.3192379271186119,
   0.9474888271188263,
   1.0885734240238707
  ]
 ],
 "templeR0046": [
  [
   0.9995414077221412,
   -0.017304559486851036,
   -0.02485007987525355,
   0.48282293363113715
  ],
  [
   0.012241703672048703,
   0.9814984741763809,
   -0.19107821927326452,
   3.8632847204704928
  ],
  [
   0.027696839892778328,
   0.1906863849633792,
   0.9812602038448067,
   0.42289319630579386
  ]
 ],
 "templeR0045": [
  [
   0.9981221623545948,
   -0.03804303641644213,
   -0.048009128265415854,
   0.9392184956985857
  ],
  [
   0.020368225735350257,
   0.945288852909824,
   -0.3255980957327961,
   6.57790907300986
  ],
  [
   0.057769234000302525,
   0.3240088146094894,
   0.9442886230694363,
   1.1592069794808213
  ]
 ],
 "templeR0044": [
  [
   0.9980323919089487,
   -0.05088656056044234,
   -0.036631989501408196,
   0.7052214432128304
  ],
  [
   0.02883814492417328,
   0.8913165932764069,
   -0.4524633597844942,
   9.137612492310595
  ],
  [
   0.05567500424638713,
   0.45051669059477556,
   0.8910303055439226,
   2.285828322966317
  ]
 ],
 "templeR0037": [
  [
   0.9972739077419335,
   0.05998116600805449,
   0.042976885199460635,
   -0.8388678083897207
  ],
  [
   -0.07273377397591517,
   0.897202517804095,
   0.4355886134522033,
   -9.011866322532
  ],
  [
   -0.01243185667363873,
   -0.4375270297596558,
   0.8991193175376332,
   2.076675179600751
  ]
 ],
 "templeR0038": [
  [
   0.9959008470297176,
   0.07445839646586563,
   0.051356110456526334,
   -1.0069857395483424
  ],
  [
   -0.09042378513307,
   0.83365220385108,
   0.5448371702595609,
   -11.24837908763038
  ],
  [
   -0.002245432630775958,
   -0.5472476132519624,
   0.8369677459868637,
   3.331909775781966
  ]
 ],
 "templeR0043": [
  [
   0.9983042761428935,
   -0.05475910455522651,
   -0.019748739279337776,
   0.3638328594775419
  ],
  [
   0.03434647713879363,
   0.8280068573596016,
   -0.5596650459637719,
   11.305403883484281
  ],
  [
   0.04699884831533442,
   0.5580377089711647,
   0.828483568710476,
   3.7650552946623574
  ]
 ],
 "templeR0042": [
  [
   0.9968075438057675,
   -0.07586635806862936,
   -0.024880038691996034,
   0.46117525900429446
  ],
  [
   0.03884024694077727,
   0.7330264245906782,
   -0.6790903445561468,
   13.711976726021387
  ],
  [
   0.0697578370471171,
   0.6759560315325318,
   0.7336329379228407,
   5.682911901812968
  ]
 ],
 "templeR0013": [
  [
   -0.9963602262103406,
   0.08292951745976881,
   0.019722950082805116,
   -0.019399598839061533
  ],
  [
   -0.043965633388723946,
   -0.6981734055289982,
   0.7145774407947464,
   -14.854952370095978
  ],
  [
   0.07302960157913534,
   0.7111094085623751,
   0.6992782610286563,
   6.417758758367963
  ]
 ],
 "templeR0039": [
  [
   0.9936565716245698,
   0.07993882085633393,
   0.07909742465722464,
   -1.5474457058596276
  ],
  [
   -0.11217539405480643,
   0.7543193744142745,
   0.6468531227039925,
   -13.335693344974807
  ],
  [
   -0.007956043989023269,
   -0.6516226410303408,
   0.7585015722203141,
   4.730439610267402
  ]
 ],
 "templeR0014": [
  [
   -0.9952509623509243,
   0.09652581619252712,
   0.012581285622926007,
   0.1410050154838265
  ],
  [
   -0.04732262183593286,
   -0.5927263563710649,
   0.8040124600562201,
   -16.65042965851014
  ],
  [
   0.08506521852162882,
   0.7995987951913436,
   0.594479331286143,
   8.665020248824822
  ]
 ],
 "templeR0015": [
  [
   -0.9935689228834985,
   0.11306138836291835,
   0.006157754588639909,
   0.2761887737912161
  ],
  [
   -0.04938620122843921,
   -0.48165372559683894,
   0.8749689661621771,
   -18.064997583812648
  ],
  [
   0.10189111152769251,
   0.8690378651590127,
   0.48413984582093317,
   10.893997450146909
  ]
 ],
 "templeR0016": [
  [
   -0.9927148569920868,
   0.12023196727448515,
   -0.007841348894658484,
   0.5619899699561555
  ],
  [
   -0.051109163126224155,
   -0.36126880674544737,
   0.931059988785501,
   -19.175423987656366
  ],
  [
   0.1091103393437929,
   0.9246778483980392,
   0.3647818670524269,
   13.319353707556248
  ]
 ],
 "templeR0017": [
  [
   -0.9923412471912948,
   0.1210352810185828,
   -0.024684202875086075,
   0.897460070057411
  ],
  [
   -0.05231194752692134,
   -0.23074215635319095,
   0.9716076972870378,
   -19.963857494879836
  ],
  [
   0.11190312448169776,
   0.9654576728320263,
   0.23530655048468407,
   15.963236478480177
  ]
 ],
 "templeR0018": [
  [
   -0.9907152319448395,
   0.12973378744922395,
   -0.04065062836614822,
   1.2298805069079515
  ],
  [
   -0.05210828887394445,
   -0.08618047092911973,
   0.9949159023058504,
   -20.38937675509502
  ],
  [
   0.1255709179034408,
   0.9877965736043602,
   0.09214051091877296,
   18.858800598663763
  ]
 ],
 "templeR0019": [
  [
   -0.989494494250478,
   0.13511741660487078,
   -0.05141915574974575,
   1.451085317009649
  ],
  [
   -0.04993251470427784,
   0.014370836691207534,
   0.9986491991826271,
   -20.46817127801838
  ],
  [
   0.1356738361781589,
   0.9907253720294141,
   -0.0074731113922951176,
   20.811771554501156
  ]
 ],
 "templeR0020": [
  [
   -0.9901472510328116,
   0.12408749574366046,
   -0.06489001981994869,
   1.7116595726324475
  ],
  [
   -0.05254436025399858,
   0.10030054150080392,
   0.993568765400837,
   -20.3968624064784
  ],
  [
   0.1297979640736491,
   0.9871889863520119,
   -0.09279220736475202,
   22.575137182060693
  ]
 ],
 "templeR0021": [
  [
   -0.988210697330827,
   0.12790694075637463,
   -0.08413936169989496,
   2.111735377298009
  ],
  [
   -0.055926694370301615,
   0.21000451089498484,
   0.9760995391150273,
   -20.04559544718957
  ],
  [
   0.14251955142271308,
   0.9692976425794624,
   -0.20037529177063018,
   24.754003443757764
  ]
 ],
 "templeR0022": [
  [
   -0.9878493561103805,
   0.11957242201396906,
   -0.0992778199096851,
   2.4143538480976976
  ],
  [
   -0.05806983789223849,
   0.3085461019980025,
   0.9494351988782632,
   -19.518758548923174
  ],
  [
   0.14415805062318135,
   0.9436639967888736,
   -0.2978535170263612,
   26.761380321475436
  ]
 ],
 "templeR0023": [
  [
   -0.9867713185788967,
   0.11215496921758054,
   -0.11706249488999082,
   2.7877480415284945
  ],
  [
   -0.06015821660946859,
   0.4172079868187337,
   0.9068177792197434,
   -18.64520211276227
  ],
  [
   0.15054352793937648,
   0.9018640466358898,
   -0.4049418323427496,
   28.936743472651425
  ]
 ],
 "templeR0024": [
  [
   -0.9853393436292462,
   0.1042443754278325,
   -0.13505364892496324,
   3.1479045515830295
  ],
  [
   -0.061059950238796554,
   0.5236952872878345,
   0.8497146159442879,
   -17.469596487185253
  ],
  [
   0.1593049289040418,
   0.8455036110296479,
   -0.5096524142616261,
   31.094572777834127
  ]
 ],
 "templeR0025": [
  [
   -0.9838770622135172,
   0.0959673868476652,
   -0.15091781575324104,
   3.476430426309319
  ],
  [
   -0.05814081311028365,
   0.6263799414523451,
   0.7773466503414238,
   -15.977513684422696
  ],
  [
   0.1691318193036831,
   0.7735880231801596,
   -0.6107012347222158,
   33.120620135138935
  ]
 ],
 "templeR0026": [
  [
   -0.9825805844931412,
   0.08274008286093609,
   -0.16640154345823366,
   3.7875607351441483
  ],
  [
   -0.05671846293101604,
   0.7191738322093727,
   0.6925113825981694,
   -14.22989578819072
  ],
  [
   0.1769700848727263,
   0.6898862788557624,
   -0.7019533540818004,
   34.9893713441296
  ]
 ],
 "templeR0027": [
  [
   -0.9812520560981871,
   0.0684545486083244,
   -0.18016208585024415,
   4.066911537172854
  ],
  [
   -0.05390520536867064,
   0.800006061595604,
   0.5975655028902279,
   -12.279747329332578
  ],
  [
   0.18503683751415997,
   0.5960740526017888,
   -0.7813175363305486,
   36.61347330661794
  ]
 ],
 "templeR0028": [
  [
   -0.979423056094026,
   0.05455429121834254,
   -0.19430467441907515,
   4.354970477945684
  ],
  [
   -0.050343557241361636,
   0.8662940339277894,
   0.4969911196645308,
   -10.219732319672653
  ],
  [
   0.19543797848863528,
   0.4965465497723074,
   -0.8457218931028647,
   37.892667657280974
  ]
 ],
 "templeR0029": [
  [
   -0.9784740852836665,
   0.03558482894275675,
   -0.20327858809379518,
   4.534819673191579
  ],
  [
   -0.04727600336043651,
   0.9201751413661795,
   0.3886421087813263,
   -8.002811715699712
  ],
  [
   0.200881666496861,
   0.3898864311063506,
   -0.8986852212563623,
   38.970773396639395
  ]
 ],
 "templeR0001": [
  [
   -0.9774668196973976,
   0.01759083035069955,
   -0.21035488841058161,
   4.675204903178989
  ],
  [
   -0.04277983815020814,
   0.9593344855273274,
   0.2790111652351209,
   -5.763901049129103
  ],
  [
   0.2067087367251257,
   0.28172310442274845,
   -0.9369650957191051,
   39.760681880526676
  ]
 ],
 "templeR0030": [
  [
   -0.9769183258337946,
   0.018876316064727987,
   -0.21277751136320883,
   4.725554728407319
  ],
  [
   -0.0425719026312143,
   0.958901625543009,
   0.2805268358594845,
   -5.795849756210189
  ],
  [
   0.2093280147434986,
   0.2831101503351659,
   -0.9359649699752365,
   39.72103396706904
  ]
 ],
 "templeR0031": [
  [
   -0.9654581148562437,
   0.013943053588977156,
   -0.26018497211569164,
   5.685314542831389
  ],
  [
   -0.05359532172733021,
   0.966587214239946,
   0.2506724930198855,
   -5.1929626972013425
  ],
  [
   0.2549866073878632,
   0.2559584898464504,
   -0.9324521872612838,
   39.16905106746747
  ]
 ],
 "templeR0002": [
  [
   -0.9520931033973161,
   0.0023248128805233234,
   -0.3057994730347619,
   6.616784288330921
  ],
  [
   -0.06890383192165372,
   0.9726264940677884,
   0.22192333131943265,
   -4.607078589083632
  ],
  [
   0.2979445995647178,
   0.23236242872390694,
   -0.9258707886674832,
   38.69626530612815
  ]
 ],
 "templeR0003": [
  [
   -0.9365620562781093,
   -0.0367623748690544,
   -0.34856856217121307,
   7.488576030480652
  ],
  [
   -0.0905846277740339,
   0.9860854964020758,
   0.139390885629267,
   -2.931137651466637
  ],
  [
   0.3385940636679258,
   0.16212316792938258,
   -0.926860366219951,
   38.32433197252576
  ]
 ],
 "templeR0004": [
  [
   -0.9320081995857193,
   -0.06483609382400192,
   -0.35659079747328193,
   7.648578784580439
  ],
  [
   -0.09849931933287585,
   0.992149836065015,
   0.0770492497505679,
   -1.675113657485719
  ],
  [
   0.3487959288695126,
   0.10693448337094288,
   -0.9310780935400872,
   38.484306682557985
  ]
 ],
 "templeR0005": [
  [
   -0.9279494099278639,
   -0.09486556845846729,
   -0.3604308762239731,
   7.727508925655226
  ],
  [
   -0.10924076316124191,
   0.9938206337797557,
   0.019672405484670696,
   -0.525730713310143
  ],
  [
   0.35633740791345303,
   0.05762874104694379,
   -0.9325784577861884,
   38.57587912678621
  ]
 ],
 "templeR0012": [
  [
   -0.9895569794975299,
   -0.11061828897396286,
   -0.09241525021444369,
   2.1480656935663083
  ],
  [
   0.14086004540661234,
   -0.6060779631335342,
   -0.7828332837916087,
   15.710877579854293
  ],
  [
   0.030584831792450536,
   -0.7876757561004267,
   0.6153303757461089,
   7.5729017780680214
  ]
 ],
 "templeR0011": [
  [
   -0.9864996897520737,
   -0.12134393426912014,
   -0.1099727772457966,
   2.50348968553153
  ],
  [
   0.15666833483040205,
   -0.5037811214797039,
   -0.8495055117549978,
   17.09017203151943
  ],
  [
   0.047680131926528674,
   -0.8552661756767556,
   0.5159906721663924,
   9.577348544888924
  ]
 ],
 "templeR0010": [
  [
   -0.9841398168768453,
   -0.12731911084072356,
   -0.12352596833191393,
   2.7745126982428885
  ],
  [
   0.16434872409851775,
   -0.39229165944507594,
   -0.9050396404672105,
   18.235236324046635
  ],
  [
   0.06677063519840701,
   -0.9109868813240705,
   0.40699457530862115,
   11.681313802027931
  ]
 ],
 "templeR0009": [
  [
   -0.9810230183802534,
   -0.1336572735088053,
   -0.1404619900410403,
   3.117035871169972
  ],
  [
   0.17276690816579726,
   -0.2737562327760664,
   -0.9461549135628304,
   19.088476633776615
  ],
  [
   0.08800814082190271,
   -0.9524669328929212,
   0.2916527196763705,
   14.018346802181545
  ]
 ],
 "templeR0008": [
  [
   -0.972828107647553,
   -0.16821136846898002,
   -0.15909245264522742,
   3.5277055218398043
  ],
  [
   0.18580393493410022,
   -0.15722703716451714,
   -0.9699260572577024,
   19.59362393743424
  ],
  [
   0.1381389544403951,
   -0.9731313345598631,
   0.18420921519797473,
   16.300207388626138
  ]
 ],
 "templeR0007": [
  [
   -0.969761737146324,
   -0.16009580516278,
   -0.18420506598957934,
   4.027933245470079
  ],
  [
   0.19213794161270326,
   -0.03543478341856732,
   -0.9807279885457094,
   19.82789961617341
  ],
  [
   0.15048317035395528,
   -0.9864652600539772,
   0.06512377558819893,
   18.69176306930232
  ]
 ],
 "templeR0006": [
  [
   -0.968388390281929,
   -0.15302693102167497,
   -0.1969941216109298,
   4.286886369536616
  ],
  [
   0.18374522069406862,
   0.09650503011241729,
   -0.9782251647934078,
   19.791602627864837
  ],
  [
   0.16870571845453933,
   -0.9834986210183975,
   -0.0653363835519587,
   21.30617193297896
  ]
 ],
 "templeR0040": [
  [
   0.9706723200553805,
   0.12939154209893847,
   0.20261558654645528,
   -4.072019779968391
  ],
  [
   -0.1844481765238367,
   -0.1397158204226437,
   0.9728609148797475,
   -20.106582425964543
  ],
  [
   0.15418857692882781,
   -0.9817012368113255,
   -0.11175224556033198,
   22.286650354826694
  ]
 ],
 "templeR0041": [
  [
   0.9699106392890497,
   0.12386778950375145,
   0.20959513953658704,
   -4.216072882758699
  ],
  [
   -0.17262753543540688,
   -0.2571666808597512,
   0.9508233444047723,
   -19.669745992154436
  ],
  [
   0.1716772722389438,
   -0.9583955702000261,
   -0.22804570861465992,
   24.66817932392123
  ]
 ]
}